1 0.0 400.0 1 1 -1
1 32.0 400.0 1 1 -1
1 64.0 400.0 1 1 -1
1 96.0 400.0 1 1 -1
1 128.0 400.0 1 1 -1
1 160.0 400.0 1 1 -1
1 192.0 400.0 1 1 -1
1 224.0 400.0 1 1 -1
1 256.0 400.0 1 1 -1
1 288.0 400.0 1 1 -1
1 320.0 400.0 1 1 -1
1 352.0 400.0 1 1 -1
1 384.0 400.0 1 1 -1
1 416.0 400.0 1 1 -1
1 448.0 320.0 1 1
1 480.0 320.0 1 1
1 512.0 320.0 1 1
1 544.0 320.0 1 1
1 576.0 320.0 1 1
1 608.0 320.0 1 1
1 640.0 320.0 1 1
1 672.0 320.0 1 1
1 704.0 320.0 1 1
1 736.0 320.0 1 1
1 768.0 320.0 1 1
1 800.0 320.0 1 1
1 832.0 320.0 1 1
1 864.0 320.0 1 1
1 896.0 320.0 1 1
1 928.0 320.0 1 1
1 960.0 320.0 1 1
1 992.0 320.0 1 1
1 1024.0 320.0 1 1
1 1056.0 320.0 1 1
1 1088.0 320.0 1 1
1 1120.0 320.0 1 1
1 1152.0 320.0 1 1
1 1184.0 320.0 1 1
1 1216.0 320.0 1 1
1 1248.0 320.0 1 1
1 1280.0 320.0 1 1
1 1312.0 320.0 1 1
1 1344.0 320.0 1 1
1 1376.0 320.0 1 1
1 1408.0 320.0 1 1
1 1440.0 320.0 1 1
1 1472.0 320.0 1 1
1 1504.0 320.0 1 1